clc
clear

b_matrix_ansys=[ 131.854  -20.277  -920.521  -429.783  -322.467;
      -20.277  137.482   -19.919  -837.054  -429.820;
     -920.521  -19.919   137.342   -19.938  -920.724;
     -429.783 -837.054   -19.938   137.508   -20.269;
     -322.467 -429.820  -920.724   -20.269   131.951 ]*10^-12;
L_matrix_ansys=[ 284.516   71.334   24.785   11.447    6.946;
       71.334  275.714   68.875   23.981   11.447;
       24.785   68.875  275.054   68.876   24.785;
       11.447   23.981   68.876  275.714   71.334;
        6.946   11.447   24.785   71.334  284.514 ]*10^-9;

a_matrix_ansys = L_matrix_ansys * b_matrix_ansys;

a11 = a_matrix_ansys(1,1);
a22 = a_matrix_ansys(2,2);
a_sum = a11+a22;

syms c_m

eqn = (1/(c_m^2))^2 - (a11+a22)*(1/(c_m^2))+a11*a22 == 0;
cm_sol = solve(eqn, c_m);
cm_num = double(cm_sol)
